3 4 2 2 1 1 1 2 1 2 0 0 0 0
4 4 3 3 2 2 1 3 1 1 1 2 3 2 0 0 0 0
6 4 1 2 3 4 4 3 1 3 2 4 2 1 1 3 4 2 0 0 0 0 0 0 0 0
7 4 3 2 2 1 3 5 2 4 3 3 4 5 1 5 5 1 4 2 1 4 0 0 0 0 0 0 0 0
8 4 1 2 1 1 6 5 3 4 3 6 4 5 3 2 6 5 5 1 6 2 4 3 2 4 0 0 0 0 0 0 0 0
9 4 2 6 7 1 4 7 3 1 6 6 5 2 2 7 4 4 4 7 6 5 3 3 5 5 2 1 1 3 0 0 0 0 0 0 0 0
10 4 2 2 6 1 6 3 1 8 4 1 6 7 2 4 3 5 7 3 2 8 4 1 7 3 8 7 4 8 6 5 5 5 0 0 0 0 0 0 0 0
11 4 6 9 4 3 5 6 7 1 2 7 3 3 7 8 2 5 6 7 3 8 1 1 8 5 9 6 4 2 4 8 9 4 1 5 9 2 0 0 0 0 0 0 0 0
12 4 6 1 10 8 5 5 4 2 6 7 10 1 5 8 7 10 3 1 9 7 4 9 10 8 3 4 7 5 3 9 9 1 2 2 2 6 6 4 3 8 0 0 0 0 0 0 0 0
13 4 10 5 11 2 9 3 3 4 2 9 9 5 11 10 6 10 4 8 1 8 6 3 11 7 1 2 10 9 7 1 4 1 2 6 8 4 6 5 8 3 7 5 11 7 0 0 0 0 0 0 0 0
14 4 4 1 3 3 1 7 5 12 5 12 12 12 7 6 9 6 8 11 2 10 11 6 2 7 10 2 9 9 4 8 5 8 11 1 7 3 3 1 11 5 8 6 9 10 10 4 2 4 0 0 0 0 0 0 0 0
